25 25 50
25 25 50
25 25 50
25 25 50
25 25 50
25 25 50
25 25 50
25 25 50
25 25 50
25 25 50
25 25 50
25 25 50
25 25 50
25 25 50
25 25 50
25 25 50
25 25 50
25 25 50
25 25 50
25 25 50
25 25 50
25 25 50
25 25 50
25 25 50
25 25 50
25 25 50
25 25 50
25 25 50
25 25 50
25 25 50
25 25 50
25 25 50
25 25 50
25 25 50
25 25 50
25 25 50
25 25 50
25 25 50
25 25 50
25 25 50
25 25 50
25 25 50
25 25 50
25 25 50
25 25 50
25 25 50
25 25 50
25 25 50
25 25 50
25 25 50
25 25 50
26.5698 25 49.9507
26.5574 25.1967 49.9507
26.5204 25.3904 49.9507
26.4595 25.5779 49.9507
26.3756 25.7562 49.9507
26.27 25.9227 49.9507
26.1443 26.0746 49.9507
26.0006 26.2095 49.9507
25.8411 26.3254 49.9507
25.6684 26.4204 49.9507
25.4851 26.4929 49.9507
25.2941 26.542 49.9507
25.0986 26.5667 49.9507
24.9014 26.5667 49.9507
24.7059 26.542 49.9507
24.5149 26.4929 49.9507
24.3316 26.4204 49.9507
24.1589 26.3254 49.9507
23.9994 26.2095 49.9507
23.8557 26.0746 49.9507
23.73 25.9227 49.9507
23.6244 25.7562 49.9507
23.5405 25.5779 49.9507
23.4796 25.3904 49.9507
23.4426 25.1967 49.9507
23.4302 25 49.9507
23.4426 24.8033 49.9507
23.4796 24.6096 49.9507
23.5405 24.4221 49.9507
23.6244 24.2438 49.9507
23.73 24.0773 49.9507
23.8557 23.9254 49.9507
23.9994 23.7905 49.9507
24.1589 23.6746 49.9507
24.3316 23.5796 49.9507
24.5149 23.5071 49.9507
24.7059 23.458 49.9507
24.9014 23.4333 49.9507
25.0986 23.4333 49.9507
25.2941 23.458 49.9507
25.4851 23.5071 49.9507
25.6684 23.5796 49.9507
25.8411 23.6746 49.9507
26.0006 23.7905 49.9507
26.1443 23.9254 49.9507
26.27 24.0773 49.9507
26.3756 24.2438 49.9507
26.4595 24.4221 49.9507
26.5204 24.6096 49.9507
26.5574 24.8033 49.9507
26.5698 25 49.9507
28.1333 25 49.8029
28.1086 25.3927 49.8029
28.0349 25.7792 49.8029
27.9133 26.1535 49.8029
27.7458 26.5095 49.8029
27.5349 26.8417 49.8029
27.2841 27.1449 49.8029
26.9973 27.4143 49.8029
26.6789 27.6456 49.8029
26.3341 27.8351 49.8029
25.9683 27.98 49.8029
25.5871 28.0778 49.8029
25.1967 28.1271 49.8029
24.8033 28.1271 49.8029
24.4129 28.0778 49.8029
24.0317 27.98 49.8029
23.6659 27.8351 49.8029
23.3211 27.6456 49.8029
23.0027 27.4143 49.8029
22.7159 27.1449 49.8029
22.4651 26.8417 49.8029
22.2542 26.5095 49.8029
22.0867 26.1535 49.8029
21.9651 25.7792 49.8029
21.8914 25.3927 49.8029
21.8667 25 49.8029
21.8914 24.6073 49.8029
21.9651 24.2208 49.8029
22.0867 23.8465 49.8029
22.2542 23.4905 49.8029
22.4651 23.1583 49.8029
22.7159 22.8551 49.8029
23.0027 22.5857 49.8029
23.3211 22.3544 49.8029
23.6659 22.1649 49.8029
24.0317 22.02 49.8029
24.4129 21.9222 49.8029
24.8033 21.8729 49.8029
25.1967 21.8729 49.8029
25.5871 21.9222 49.8029
25.9683 22.02 49.8029
26.3341 22.1649 49.8029
26.6789 22.3544 49.8029
26.9973 22.5857 49.8029
27.2841 22.8551 49.8029
27.5349 23.1583 49.8029
27.7458 23.4905 49.8029
27.9133 23.8465 49.8029
28.0349 24.2208 49.8029
28.1086 24.6073 49.8029
28.1333 25 49.8029
29.6845 25 49.5572
29.6476 25.5871 49.5572
29.5374 26.165 49.5572
29.3556 26.7245 49.5572
29.1051 27.2568 49.5572
28.7899 27.7535 49.5572
28.4149 28.2068 49.5572
27.986 28.6095 49.5572
27.5101 28.9553 49.5572
26.9946 29.2387 49.5572
26.4476 29.4553 49.5572
25.8778 29.6016 49.5572
25.2941 29.6753 49.5572
24.7059 29.6753 49.5572
24.1222 29.6016 49.5572
23.5524 29.4553 49.5572
23.0054 29.2387 49.5572
22.4899 28.9553 49.5572
22.014 28.6095 49.5572
21.5851 28.2068 49.5572
21.2101 27.7535 49.5572
20.8949 27.2568 49.5572
20.6444 26.7245 49.5572
20.4626 26.165 49.5572
20.3524 25.5871 49.5572
20.3155 25 49.5572
20.3524 24.4129 49.5572
20.4626 23.835 49.5572
20.6444 23.2755 49.5572
20.8949 22.7432 49.5572
21.2101 22.2465 49.5572
21.5851 21.7932 49.5572
22.014 21.3905 49.5572
22.4899 21.0447 49.5572
23.0054 20.7613 49.5572
23.5524 20.5447 49.5572
24.1222 20.3984 49.5572
24.7059 20.3247 49.5572
25.2941 20.3247 49.5572
25.8778 20.3984 49.5572
26.4476 20.5447 49.5572
26.9946 20.7613 49.5572
27.5101 21.0447 49.5572
27.986 21.3905 49.5572
28.4149 21.7932 49.5572
28.7899 22.2465 49.5572
29.1051 22.7432 49.5572
29.3556 23.2755 49.5572
29.5374 23.835 49.5572
29.6476 24.4129 49.5572
29.6845 25 49.5572
31.2172 25 49.2146
31.1682 25.7792 49.2146
31.0219 26.5462 49.2146
30.7807 27.2887 49.2146
30.4482 27.9952 49.2146
30.0299 28.6544 49.2146
29.5322 29.256 49.2146
28.963 29.7905 49.2146
28.3314 30.2494 49.2146
27.6472 30.6255 49.2146
26.9212 30.913 49.2146
26.165 31.1071 49.2146
25.3904 31.205 49.2146
24.6096 31.205 49.2146
23.835 31.1071 49.2146
23.0788 30.913 49.2146
22.3528 30.6255 49.2146
21.6686 30.2494 49.2146
21.037 29.7905 49.2146
20.4678 29.256 49.2146
19.9701 28.6544 49.2146
19.5518 27.9952 49.2146
19.2193 27.2887 49.2146
18.9781 26.5462 49.2146
18.8318 25.7792 49.2146
18.7828 25 49.2146
18.8318 24.2208 49.2146
18.9781 23.4538 49.2146
19.2193 22.7113 49.2146
19.5518 22.0048 49.2146
19.9701 21.3456 49.2146
20.4678 20.744 49.2146
21.037 20.2095 49.2146
21.6686 19.7506 49.2146
22.3528 19.3745 49.2146
23.0788 19.087 49.2146
23.835 18.8929 49.2146
24.6096 18.795 49.2146
25.3904 18.795 49.2146
26.165 18.8929 49.2146
26.9212 19.087 49.2146
27.6472 19.3745 49.2146
28.3314 19.7506 49.2146
28.963 20.2095 49.2146
29.5322 20.744 49.2146
30.0299 21.3456 49.2146
30.4482 22.0048 49.2146
30.7807 22.7113 49.2146
31.0219 23.4538 49.2146
31.1682 24.2208 49.2146
31.2172 25 49.2146
32.7254 25 48.7764
32.6645 25.9683 48.7764
32.4827 26.9212 48.7764
32.1829 27.8439 48.7764
31.7698 28.7218 48.7764
31.25 29.5409 48.7764
30.6316 30.2884 48.7764
29.9244 30.9525 48.7764
29.1395 31.5228 48.7764
28.2893 31.9902 48.7764
27.3873 32.3473 48.7764
26.4476 32.5886 48.7764
25.4851 32.7102 48.7764
24.5149 32.7102 48.7764
23.5524 32.5886 48.7764
22.6127 32.3473 48.7764
21.7107 31.9902 48.7764
20.8605 31.5228 48.7764
20.0756 30.9525 48.7764
19.3684 30.2884 48.7764
18.75 29.5409 48.7764
18.2302 28.7218 48.7764
17.8171 27.8439 48.7764
17.5173 26.9212 48.7764
17.3355 25.9683 48.7764
17.2746 25 48.7764
17.3355 24.0317 48.7764
17.5173 23.0788 48.7764
17.8171 22.1561 48.7764
18.2302 21.2782 48.7764
18.75 20.4591 48.7764
19.3684 19.7116 48.7764
20.0756 19.0475 48.7764
20.8605 18.4772 48.7764
21.7107 18.0098 48.7764
22.6127 17.6527 48.7764
23.5524 17.4114 48.7764
24.5149 17.2898 48.7764
25.4851 17.2898 48.7764
26.4476 17.4114 48.7764
27.3873 17.6527 48.7764
28.2893 18.0098 48.7764
29.1395 18.4772 48.7764
29.9244 19.0475 48.7764
30.6316 19.7116 48.7764
31.25 20.4591 48.7764
31.7698 21.2782 48.7764
32.1829 22.1561 48.7764
32.4827 23.0788 48.7764
32.6645 24.0317 48.7764
32.7254 25 48.7764
34.2031 25 48.2444
34.1305 26.1535 48.2444
33.914 27.2887 48.2444
33.5568 28.3879 48.2444
33.0648 29.4336 48.2444
32.4455 30.4095 48.2444
31.7088 31.3 48.2444
30.8663 32.0911 48.2444
29.9313 32.7704 48.2444
28.9185 33.3272 48.2444
27.8439 33.7527 48.2444
26.7245 34.0401 48.2444
25.5779 34.185 48.2444
24.4221 34.185 48.2444
23.2755 34.0401 48.2444
22.1561 33.7527 48.2444
21.0815 33.3272 48.2444
20.0687 32.7704 48.2444
19.1337 32.0911 48.2444
18.2912 31.3 48.2444
17.5545 30.4095 48.2444
16.9352 29.4336 48.2444
16.4432 28.3879 48.2444
16.086 27.2887 48.2444
15.8695 26.1535 48.2444
15.7969 25 48.2444
15.8695 23.8465 48.2444
16.086 22.7113 48.2444
16.4432 21.6121 48.2444
16.9352 20.5664 48.2444
17.5545 19.5905 48.2444
18.2912 18.7 48.2444
19.1337 17.9089 48.2444
20.0687 17.2296 48.2444
21.0815 16.6728 48.2444
22.1561 16.2473 48.2444
23.2755 15.9599 48.2444
24.4221 15.815 48.2444
25.5779 15.815 48.2444
26.7245 15.9599 48.2444
27.8439 16.2473 48.2444
28.9185 16.6728 48.2444
29.9313 17.2296 48.2444
30.8663 17.9089 48.2444
31.7088 18.7 48.2444
32.4455 19.5905 48.2444
33.0648 20.5664 48.2444
33.5568 21.6121 48.2444
33.914 22.7113 48.2444
34.1305 23.8465 48.2444
34.2031 25 48.2444
35.6445 25 47.6207
35.5605 26.3341 47.6207
35.3101 27.6472 47.6207
34.897 28.9185 47.6207
34.3278 30.128 47.6207
33.6116 31.2567 47.6207
32.7595 32.2866 47.6207
31.785 33.2017 47.6207
30.7036 33.9874 47.6207
29.5322 34.6314 47.6207
28.2893 35.1235 47.6207
26.9946 35.4559 47.6207
25.6684 35.6235 47.6207
24.3316 35.6235 47.6207
23.0054 35.4559 47.6207
21.7107 35.1235 47.6207
20.4678 34.6314 47.6207
19.2964 33.9874 47.6207
18.215 33.2017 47.6207
17.2405 32.2866 47.6207
16.3884 31.2567 47.6207
15.6722 30.128 47.6207
15.103 28.9185 47.6207
14.6899 27.6472 47.6207
14.4395 26.3341 47.6207
14.3555 25 47.6207
14.4395 23.6659 47.6207
14.6899 22.3528 47.6207
15.103 21.0815 47.6207
15.6722 19.872 47.6207
16.3884 18.7433 47.6207
17.2405 17.7134 47.6207
18.215 16.7983 47.6207
19.2964 16.0126 47.6207
20.4678 15.3686 47.6207
21.7107 14.8765 47.6207
23.0054 14.5441 47.6207
24.3316 14.3765 47.6207
25.6684 14.3765 47.6207
26.9946 14.5441 47.6207
28.2893 14.8765 47.6207
29.5322 15.3686 47.6207
30.7036 16.0126 47.6207
31.785 16.7983 47.6207
32.7595 17.7134 47.6207
33.6116 18.7433 47.6207
34.3278 19.872 47.6207
34.897 21.0815 47.6207
35.3101 22.3528 47.6207
35.5605 23.6659 47.6207
35.6445 25 47.6207
37.0438 25 46.9077
36.9489 26.5095 46.9077
36.6655 27.9952 46.9077
36.1981 29.4336 46.9077
35.5541 30.8022 46.9077
34.7437 32.0792 46.9077
33.7796 33.2446 46.9077
32.677 34.2799 46.9077
31.4534 35.169 46.9077
30.128 35.8976 46.9077
28.7218 36.4544 46.9077
27.2568 36.8305 46.9077
25.7562 37.0201 46.9077
24.2438 37.0201 46.9077
22.7432 36.8305 46.9077
21.2782 36.4544 46.9077
19.872 35.8976 46.9077
18.5466 35.169 46.9077
17.323 34.2799 46.9077
16.2204 33.2446 46.9077
15.2563 32.0792 46.9077
14.4459 30.8022 46.9077
13.8019 29.4336 46.9077
13.3345 27.9952 46.9077
13.0511 26.5095 46.9077
12.9562 25 46.9077
13.0511 23.4905 46.9077
13.3345 22.0048 46.9077
13.8019 20.5664 46.9077
14.4459 19.1978 46.9077
15.2563 17.9208 46.9077
16.2204 16.7554 46.9077
17.323 15.7201 46.9077
18.5466 14.831 46.9077
19.872 14.1024 46.9077
21.2782 13.5456 46.9077
22.7432 13.1695 46.9077
24.2438 12.9799 46.9077
25.7562 12.9799 46.9077
27.2568 13.1695 46.9077
28.7218 13.5456 46.9077
30.128 14.1024 46.9077
31.4534 14.831 46.9077
32.677 15.7201 46.9077
33.7796 16.7554 46.9077
34.7437 17.9208 46.9077
35.5541 19.1978 46.9077
36.1981 20.5664 46.9077
36.6655 22.0048 46.9077
36.9489 23.4905 46.9077
37.0438 25 46.9077
38.3957 25 46.1082
38.29 26.6789 46.1082
37.9748 28.3314 46.1082
37.455 29.9313 46.1082
36.7387 31.4534 46.1082
35.8373 32.8738 46.1082
34.765 34.17 46.1082
33.5387 35.3215 46.1082
32.1778 36.3103 46.1082
30.7036 37.1208 46.1082
29.1395 37.74 46.1082
27.5101 38.1584 46.1082
25.8411 38.3692 46.1082
24.1589 38.3692 46.1082
22.4899 38.1584 46.1082
20.8605 37.74 46.1082
19.2964 37.1208 46.1082
17.8222 36.3103 46.1082
16.4613 35.3215 46.1082
15.235 34.17 46.1082
14.1627 32.8738 46.1082
13.2613 31.4534 46.1082
12.545 29.9313 46.1082
12.0252 28.3314 46.1082
11.71 26.6789 46.1082
11.6043 25 46.1082
11.71 23.3211 46.1082
12.0252 21.6686 46.1082
12.545 20.0687 46.1082
13.2613 18.5466 46.1082
14.1627 17.1262 46.1082
15.235 15.83 46.1082
16.4613 14.6785 46.1082
17.8222 13.6897 46.1082
19.2964 12.8792 46.1082
20.8605 12.26 46.1082
22.4899 11.8416 46.1082
24.1589 11.6308 46.1082
25.8411 11.6308 46.1082
27.5101 11.8416 46.1082
29.1395 12.26 46.1082
30.7036 12.8792 46.1082
32.1778 13.6897 46.1082
33.5387 14.6785 46.1082
34.765 15.83 46.1082
35.8373 17.1262 46.1082
36.7387 18.5466 46.1082
37.455 20.0687 46.1082
37.9748 21.6686 46.1082
38.29 23.3211 46.1082
38.3957 25 46.1082
39.6946 25 45.2254
39.5788 26.8417 45.2254
39.233 28.6544 45.2254
38.6627 30.4095 45.2254
37.877 32.0792 45.2254
36.8882 33.6373 45.2254
35.7119 35.0592 45.2254
34.3667 36.3224 45.2254
32.8738 37.4071 45.2254
31.2567 38.2961 45.2254
29.5409 38.9754 45.2254
27.7535 39.4343 45.2254
25.9227 39.6656 45.2254
24.0773 39.6656 45.2254
22.2465 39.4343 45.2254
20.4591 38.9754 45.2254
18.7433 38.2961 45.2254
17.1262 37.4071 45.2254
15.6333 36.3224 45.2254
14.2881 35.0592 45.2254
13.1118 33.6373 45.2254
12.123 32.0792 45.2254
11.3373 30.4095 45.2254
10.767 28.6544 45.2254
10.4212 26.8417 45.2254
10.3054 25 45.2254
10.4212 23.1583 45.2254
10.767 21.3456 45.2254
11.3373 19.5905 45.2254
12.123 17.9208 45.2254
13.1118 16.3627 45.2254
14.2881 14.9408 45.2254
15.6333 13.6776 45.2254
17.1262 12.5929 45.2254
18.7433 11.7039 45.2254
20.4591 11.0246 45.2254
22.2465 10.5657 45.2254
24.0773 10.3344 45.2254
25.9227 10.3344 45.2254
27.7535 10.5657 45.2254
29.5409 11.0246 45.2254
31.2567 11.7039 45.2254
32.8738 12.5929 45.2254
34.3667 13.6776 45.2254
35.7119 14.9408 45.2254
36.8882 16.3627 45.2254
37.877 17.9208 45.2254
38.6627 19.5905 45.2254
39.233 21.3456 45.2254
39.5788 23.1583 45.2254
39.6946 25 45.2254
40.9356 25 44.2628
40.8099 26.9973 44.2628
40.435 28.963 44.2628
39.8165 30.8663 44.2628
38.9645 32.677 44.2628
37.8922 34.3667 44.2628
36.6166 35.9087 44.2628
35.1577 37.2786 44.2628
33.5387 38.4549 44.2628
31.785 39.419 44.2628
29.9244 40.1557 44.2628
27.986 40.6533 44.2628
26.0006 40.9042 44.2628
23.9994 40.9042 44.2628
22.014 40.6533 44.2628
20.0756 40.1557 44.2628
18.215 39.419 44.2628
16.4613 38.4549 44.2628
14.8423 37.2786 44.2628
13.3834 35.9087 44.2628
12.1078 34.3667 44.2628
11.0355 32.677 44.2628
10.1835 30.8663 44.2628
9.56505 28.963 44.2628
9.19006 26.9973 44.2628
9.0644 25 44.2628
9.19006 23.0027 44.2628
9.56505 21.037 44.2628
10.1835 19.1337 44.2628
11.0355 17.323 44.2628
12.1078 15.6333 44.2628
13.3834 14.0913 44.2628
14.8423 12.7214 44.2628
16.4613 11.5451 44.2628
18.215 10.581 44.2628
20.0756 9.84434 44.2628
22.014 9.34666 44.2628
23.9994 9.09585 44.2628
26.0006 9.09585 44.2628
27.986 9.34666 44.2628
29.9244 9.84434 44.2628
31.785 10.581 44.2628
33.5387 11.5451 44.2628
35.1577 12.7214 44.2628
36.6166 14.0913 44.2628
37.8922 15.6333 44.2628
38.9645 17.323 44.2628
39.8165 19.1337 44.2628
40.435 21.037 44.2628
40.8099 23.0027 44.2628
40.9356 25 44.2628
42.1137 25 43.2242
41.9787 27.1449 43.2242
41.576 29.256 43.2242
40.9119 31.3 43.2242
39.9968 33.2446 43.2242
38.8453 35.0592 43.2242
37.4753 36.7151 43.2242
35.9087 38.1863 43.2242
34.17 39.4496 43.2242
32.2866 40.4849 43.2242
30.2884 41.2761 43.2242
28.2068 41.8105 43.2242
26.0746 42.0799 43.2242
23.9254 42.0799 43.2242
21.7932 41.8105 43.2242
19.7116 41.2761 43.2242
17.7134 40.4849 43.2242
15.83 39.4496 43.2242
14.0913 38.1863 43.2242
12.5247 36.7151 43.2242
11.1547 35.0592 43.2242
10.0032 33.2446 43.2242
9.0881 31.3 43.2242
8.42398 29.256 43.2242
8.02127 27.1449 43.2242
7.88632 25 43.2242
8.02127 22.8551 43.2242
8.42398 20.744 43.2242
9.0881 18.7 43.2242
10.0032 16.7554 43.2242
11.1547 14.9408 43.2242
12.5247 13.2849 43.2242
14.0913 11.8137 43.2242
15.83 10.5504 43.2242
17.7134 9.51508 43.2242
19.7116 8.72393 43.2242
21.7932 8.18945 43.2242
23.9254 7.92009 43.2242
26.0746 7.92009 43.2242
28.2068 8.18945 43.2242
30.2884 8.72393 43.2242
32.2866 9.51508 43.2242
34.17 10.5504 43.2242
35.9087 11.8137 43.2242
37.4753 13.2849 43.2242
38.8453 14.9408 43.2242
39.9968 16.7554 43.2242
40.9119 18.7 43.2242
41.576 20.744 43.2242
41.9787 22.8551 43.2242
42.1137 25 43.2242
43.2242 25 42.1137
43.0805 27.2841 42.1137
42.6517 29.5322 42.1137
41.9444 31.7088 42.1137
40.97 33.7796 42.1137
39.7437 35.7119 42.1137
38.2849 37.4753 42.1137
36.6166 39.042 42.1137
34.765 40.3872 42.1137
32.7595 41.4898 42.1137
30.6316 42.3323 42.1137
28.4149 42.9014 42.1137
26.1443 43.1883 42.1137
23.8557 43.1883 42.1137
21.5851 42.9014 42.1137
19.3684 42.3323 42.1137
17.2405 41.4898 42.1137
15.235 40.3872 42.1137
13.3834 39.042 42.1137
11.7151 37.4753 42.1137
10.2563 35.7119 42.1137
9.03 33.7796 42.1137
8.05555 31.7088 42.1137
7.34833 29.5322 42.1137
6.91949 27.2841 42.1137
6.77578 25 42.1137
6.91949 22.7159 42.1137
7.34833 20.4678 42.1137
8.05555 18.2912 42.1137
9.03 16.2204 42.1137
10.2563 14.2881 42.1137
11.7151 12.5247 42.1137
13.3834 10.958 42.1137
15.235 9.61279 42.1137
17.2405 8.51024 42.1137
19.3684 7.66774 42.1137
21.5851 7.09859 42.1137
23.8557 6.81175 42.1137
26.1443 6.81175 42.1137
28.4149 7.09859 42.1137
30.6316 7.66774 42.1137
32.7595 8.51024 42.1137
34.765 9.61279 42.1137
36.6166 10.958 42.1137
38.2849 12.5247 42.1137
39.7437 14.2881 42.1137
40.97 16.2204 42.1137
41.9444 18.2912 42.1137
42.6517 20.4678 42.1137
43.0805 22.7159 42.1137
43.2242 25 42.1137
44.2628 25 40.9356
44.1109 27.4143 40.9356
43.6577 29.7905 40.9356
42.9101 32.0911 40.9356
41.8801 34.2799 40.9356
40.584 36.3224 40.9356
39.042 38.1863 40.9356
37.2786 39.8423 40.9356
35.3215 41.2641 40.9356
33.2017 42.4295 40.9356
30.9525 43.32 40.9356
28.6095 43.9216 40.9356
26.2095 44.2248 40.9356
23.7905 44.2248 40.9356
21.3905 43.9216 40.9356
19.0475 43.32 40.9356
16.7983 42.4295 40.9356
14.6785 41.2641 40.9356
12.7214 39.8423 40.9356
10.958 38.1863 40.9356
9.41604 36.3224 40.9356
8.11985 34.2799 40.9356
7.08987 32.0911 40.9356
6.34235 29.7905 40.9356
5.88906 27.4143 40.9356
5.73717 25 40.9356
5.88906 22.5857 40.9356
6.34235 20.2095 40.9356
7.08987 17.9089 40.9356
8.11985 15.7201 40.9356
9.41604 13.6776 40.9356
10.958 11.8137 40.9356
12.7214 10.1577 40.9356
14.6785 8.73585 40.9356
16.7983 7.57047 40.9356
19.0475 6.67996 40.9356
21.3905 6.07837 40.9356
23.7905 5.77518 40.9356
26.2095 5.77518 40.9356
28.6095 6.07837 40.9356
30.9525 6.67996 40.9356
33.2017 7.57047 40.9356
35.3215 8.73585 40.9356
37.2786 10.1577 40.9356
39.042 11.8137 40.9356
40.584 13.6776 40.9356
41.8801 15.7201 40.9356
42.9101 17.9089 40.9356
43.6577 20.2095 40.9356
44.1109 22.5857 40.9356
44.2628 25 40.9356
45.2254 25 39.6946
45.0659 27.5349 39.6946
44.59 30.0299 39.6946
43.8051 32.4455 39.6946
42.7237 34.7437 39.6946
41.3627 36.8882 39.6946
39.7437 38.8453 39.6946
37.8922 40.584 39.6946
35.8373 42.0769 39.6946
33.6116 43.3005 39.6946
31.25 44.2355 39.6946
28.7899 44.8672 39.6946
26.27 45.1855 39.6946
23.73 45.1855 39.6946
21.2101 44.8672 39.6946
18.75 44.2355 39.6946
16.3884 43.3005 39.6946
14.1627 42.0769 39.6946
12.1078 40.584 39.6946
10.2563 38.8453 39.6946
8.63729 36.8882 39.6946
7.27633 34.7437 39.6946
6.19488 32.4455 39.6946
5.40999 30.0299 39.6946
4.93406 27.5349 39.6946
4.77458 25 39.6946
4.93406 22.4651 39.6946
5.40999 19.9701 39.6946
6.19488 17.5545 39.6946
7.27633 15.2563 39.6946
8.63729 13.1118 39.6946
10.2563 11.1547 39.6946
12.1078 9.41604 39.6946
14.1627 7.92311 39.6946
16.3884 6.69949 39.6946
18.75 5.76448 39.6946
21.2101 5.13282 39.6946
23.73 4.81449 39.6946
26.27 4.81449 39.6946
28.7899 5.13282 39.6946
31.25 5.76448 39.6946
33.6116 6.69949 39.6946
35.8373 7.92311 39.6946
37.8922 9.41604 39.6946
39.7437 11.1547 39.6946
41.3627 13.1118 39.6946
42.7237 15.2563 39.6946
43.8051 17.5545 39.6946
44.59 19.9701 39.6946
45.0659 22.4651 39.6946
45.2254 25 39.6946
46.1082 25 38.3957
45.9418 27.6456 38.3957
45.445 30.2494 38.3957
44.6259 32.7704 38.3957
43.4973 35.169 38.3957
42.0769 37.4071 38.3957
40.3872 39.4496 38.3957
38.4549 41.2641 38.3957
36.3103 42.8222 38.3957
33.9874 44.0993 38.3957
31.5228 45.0751 38.3957
28.9553 45.7343 38.3957
26.3254 46.0665 38.3957
23.6746 46.0665 38.3957
21.0447 45.7343 38.3957
18.4772 45.0751 38.3957
16.0126 44.0993 38.3957
13.6897 42.8222 38.3957
11.5451 41.2641 38.3957
9.61279 39.4496 38.3957
7.92311 37.4071 38.3957
6.50274 35.169 38.3957
5.37409 32.7704 38.3957
4.55495 30.2494 38.3957
4.05825 27.6456 38.3957
3.8918 25 38.3957
4.05825 22.3544 38.3957
4.55495 19.7506 38.3957
5.37409 17.2296 38.3957
6.50274 14.831 38.3957
7.92311 12.5929 38.3957
9.61279 10.5504 38.3957
11.5451 8.73585 38.3957
13.6897 7.17776 38.3957
16.0126 5.90073 38.3957
18.4772 4.92491 38.3957
21.0447 4.26569 38.3957
23.6746 3.93345 38.3957
26.3254 3.93345 38.3957
28.9553 4.26569 38.3957
31.5228 4.92491 38.3957
33.9874 5.90073 38.3957
36.3103 7.17776 38.3957
38.4549 8.73585 38.3957
40.3872 10.5504 38.3957
42.0769 12.5929 38.3957
43.4973 14.831 38.3957
44.6259 17.2296 38.3957
45.445 19.7506 38.3957
45.9418 22.3544 38.3957
46.1082 25 38.3957
46.9077 25 37.0438
46.7349 27.7458 37.0438
46.2194 30.4482 37.0438
45.3692 33.0648 37.0438
44.1978 35.5541 37.0438
42.7237 37.877 37.0438
40.97 39.9968 37.0438
38.9645 41.8801 37.0438
36.7387 43.4973 37.0438
34.3278 44.8226 37.0438
31.7698 45.8354 37.0438
29.1051 46.5196 37.0438
26.3756 46.8644 37.0438
23.6244 46.8644 37.0438
20.8949 46.5196 37.0438
18.2302 45.8354 37.0438
15.6722 44.8226 37.0438
13.2613 43.4973 37.0438
11.0355 41.8801 37.0438
9.03 39.9968 37.0438
7.27633 37.877 37.0438
5.80217 35.5541 37.0438
4.63077 33.0648 37.0438
3.7806 30.4482 37.0438
3.26508 27.7458 37.0438
3.09233 25 37.0438
3.26508 22.2542 37.0438
3.7806 19.5518 37.0438
4.63077 16.9352 37.0438
5.80217 14.4459 37.0438
7.27633 12.123 37.0438
9.03 10.0032 37.0438
11.0355 8.11985 37.0438
13.2613 6.50274 37.0438
15.6722 5.17735 37.0438
18.2302 4.16457 37.0438
20.8949 3.48038 37.0438
23.6244 3.13556 37.0438
26.3756 3.13556 37.0438
29.1051 3.48038 37.0438
31.7698 4.16457 37.0438
34.3278 5.17735 37.0438
36.7387 6.50274 37.0438
38.9645 8.11985 37.0438
40.97 10.0032 37.0438
42.7237 12.123 37.0438
44.1978 14.4459 37.0438
45.3692 16.9352 37.0438
46.2194 19.5518 37.0438
46.7349 22.2542 37.0438
46.9077 25 37.0438
47.6207 25 35.6445
47.4423 27.8351 35.6445
46.91 30.6255 35.6445
46.0322 33.3272 35.6445
44.8226 35.8976 35.6445
43.3005 38.2961 35.6445
41.4898 40.4849 35.6445
39.419 42.4295 35.6445
37.1208 44.0993 35.6445
34.6314 45.4678 35.6445
31.9902 46.5135 35.6445
29.2387 47.22 35.6445
26.4204 47.576 35.6445
23.5796 47.576 35.6445
20.7613 47.22 35.6445
18.0098 46.5135 35.6445
15.3686 45.4678 35.6445
12.8792 44.0993 35.6445
10.581 42.4295 35.6445
8.51024 40.4849 35.6445
6.69949 38.2961 35.6445
5.17735 35.8976 35.6445
3.96783 33.3272 35.6445
3.08999 30.6255 35.6445
2.55769 27.8351 35.6445
2.37932 25 35.6445
2.55769 22.1649 35.6445
3.08999 19.3745 35.6445
3.96783 16.6728 35.6445
5.17735 14.1024 35.6445
6.69949 11.7039 35.6445
8.51024 9.51508 35.6445
10.581 7.57047 35.6445
12.8792 5.90073 35.6445
15.3686 4.5322 35.6445
18.0098 3.48646 35.6445
20.7613 2.78 35.6445
23.5796 2.42396 35.6445
26.4204 2.42396 35.6445
29.2387 2.78 35.6445
31.9902 3.48646 35.6445
34.6314 4.5322 35.6445
37.1208 5.90073 35.6445
39.419 7.57047 35.6445
41.4898 9.51508 35.6445
43.3005 11.7039 35.6445
44.8226 14.1024 35.6445
46.0322 16.6728 35.6445
46.91 19.3745 35.6445
47.4423 22.1649 35.6445
47.6207 25 35.6445
48.2444 25 34.2031
48.0611 27.9133 34.2031
47.5141 30.7807 34.2031
46.6121 33.5568 34.2031
45.3692 36.1981 34.2031
43.8051 38.6627 34.2031
41.9444 40.9119 34.2031
39.8165 42.9101 34.2031
37.455 44.6259 34.2031
34.897 46.0322 34.2031
32.1829 47.1067 34.2031
29.3556 47.8327 34.2031
26.4595 48.1985 34.2031
23.5405 48.1985 34.2031
20.6444 47.8327 34.2031
17.8171 47.1067 34.2031
15.103 46.0322 34.2031
12.545 44.6259 34.2031
10.1835 42.9101 34.2031
8.05555 40.9119 34.2031
6.19488 38.6627 34.2031
4.63077 36.1981 34.2031
3.38789 33.5568 34.2031
2.48585 30.7807 34.2031
1.93888 27.9133 34.2031
1.75559 25 34.2031
1.93888 22.0867 34.2031
2.48585 19.2193 34.2031
3.38789 16.4432 34.2031
4.63077 13.8019 34.2031
6.19488 11.3373 34.2031
8.05555 9.0881 34.2031
10.1835 7.08987 34.2031
12.545 5.37409 34.2031
15.103 3.96783 34.2031
17.8171 2.89325 34.2031
20.6444 2.16731 34.2031
23.5405 1.80146 34.2031
26.4595 1.80146 34.2031
29.3556 2.16731 34.2031
32.1829 2.89325 34.2031
34.897 3.96783 34.2031
37.455 5.37409 34.2031
39.8165 7.08987 34.2031
41.9444 9.0881 34.2031
43.8051 11.3373 34.2031
45.3692 13.8019 34.2031
46.6121 16.4432 34.2031
47.5141 19.2193 34.2031
48.0611 22.0867 34.2031
48.2444 25 34.2031
48.7764 25 32.7254
48.5889 27.98 32.7254
48.0294 30.913 32.7254
47.1067 33.7527 32.7254
45.8354 36.4544 32.7254
44.2355 38.9754 32.7254
42.3323 41.2761 32.7254
40.1557 43.32 32.7254
37.74 45.0751 32.7254
35.1235 46.5135 32.7254
32.3473 47.6127 32.7254
29.4553 48.3553 32.7254
26.4929 48.7295 32.7254
23.5071 48.7295 32.7254
20.5447 48.3553 32.7254
17.6527 47.6127 32.7254
14.8765 46.5135 32.7254
12.26 45.0751 32.7254
9.84434 43.32 32.7254
7.66774 41.2761 32.7254
5.76448 38.9754 32.7254
4.16457 36.4544 32.7254
2.89325 33.7527 32.7254
1.97057 30.913 32.7254
1.41107 27.98 32.7254
1.22359 25 32.7254
1.41107 22.02 32.7254
1.97057 19.087 32.7254
2.89325 16.2473 32.7254
4.16457 13.5456 32.7254
5.76448 11.0246 32.7254
7.66774 8.72393 32.7254
9.84434 6.67996 32.7254
12.26 4.92491 32.7254
14.8765 3.48646 32.7254
17.6527 2.38729 32.7254
20.5447 1.64473 32.7254
23.5071 1.2705 32.7254
26.4929 1.2705 32.7254
29.4553 1.64473 32.7254
32.3473 2.38729 32.7254
35.1235 3.48646 32.7254
37.74 4.92491 32.7254
40.1557 6.67996 32.7254
42.3323 8.72393 32.7254
44.2355 11.0246 32.7254
45.8354 13.5456 32.7254
47.1067 16.2473 32.7254
48.0294 19.087 32.7254
48.5889 22.02 32.7254
48.7764 25 32.7254
49.2146 25 31.2172
49.0236 28.0349 31.2172
48.4538 31.0219 31.2172
47.5141 33.914 31.2172
46.2194 36.6655 31.2172
44.59 39.233 31.2172
42.6517 41.576 31.2172
40.435 43.6577 31.2172
37.9748 45.445 31.2172
35.3101 46.91 31.2172
32.4827 48.0294 31.2172
29.5374 48.7857 31.2172
26.5204 49.1668 31.2172
23.4796 49.1668 31.2172
20.4626 48.7857 31.2172
17.5173 48.0294 31.2172
14.6899 46.91 31.2172
12.0252 45.445 31.2172
9.56505 43.6577 31.2172
7.34833 41.576 31.2172
5.40999 39.233 31.2172
3.7806 36.6655 31.2172
2.48585 33.914 31.2172
1.54617 31.0219 31.2172
0.97636 28.0349 31.2172
0.785421 25 31.2172
0.97636 21.9651 31.2172
1.54617 18.9781 31.2172
2.48585 16.086 31.2172
3.7806 13.3345 31.2172
5.40999 10.767 31.2172
7.34833 8.42398 31.2172
9.56505 6.34235 31.2172
12.0252 4.55495 31.2172
14.6899 3.08999 31.2172
17.5173 1.97057 31.2172
20.4626 1.21433 31.2172
23.4796 0.833203 31.2172
26.5204 0.833203 31.2172
29.5374 1.21433 31.2172
32.4827 1.97057 31.2172
35.3101 3.08999 31.2172
37.9748 4.55495 31.2172
40.435 6.34235 31.2172
42.6517 8.42398 31.2172
44.59 10.767 31.2172
46.2194 13.3345 31.2172
47.5141 16.086 31.2172
48.4538 18.9781 31.2172
49.0236 21.9651 31.2172
49.2146 25 31.2172
49.5572 25 29.6845
49.3635 28.0778 29.6845
48.7857 31.1071 29.6845
47.8327 34.0401 29.6845
46.5196 36.8305 29.6845
44.8672 39.4343 29.6845
42.9014 41.8105 29.6845
40.6533 43.9216 29.6845
38.1584 45.7343 29.6845
35.4559 47.22 29.6845
32.5886 48.3553 29.6845
29.6016 49.1222 29.6845
26.542 49.5087 29.6845
23.458 49.5087 29.6845
20.3984 49.1222 29.6845
17.4114 48.3553 29.6845
14.5441 47.22 29.6845
11.8416 45.7343 29.6845
9.34666 43.9216 29.6845
7.09859 41.8105 29.6845
5.13282 39.4343 29.6845
3.48038 36.8305 29.6845
2.16731 34.0401 29.6845
1.21433 31.1071 29.6845
0.636459 28.0778 29.6845
0.442819 25 29.6845
0.636459 21.9222 29.6845
1.21433 18.8929 29.6845
2.16731 15.9599 29.6845
3.48038 13.1695 29.6845
5.13282 10.5657 29.6845
7.09859 8.18945 29.6845
9.34666 6.07837 29.6845
11.8416 4.26569 29.6845
14.5441 2.78 29.6845
17.4114 1.64473 29.6845
20.3984 0.877794 29.6845
23.458 0.491277 29.6845
26.542 0.491277 29.6845
29.6016 0.877794 29.6845
32.5886 1.64473 29.6845
35.4559 2.78 29.6845
38.1584 4.26569 29.6845
40.6533 6.07837 29.6845
42.9014 8.18945 29.6845
44.8672 10.5657 29.6845
46.5196 13.1695 29.6845
47.8327 15.9599 29.6845
48.7857 18.8929 29.6845
49.3635 21.9222 29.6845
49.5572 25 29.6845
49.8029 25 28.1333
49.6073 28.1086 28.1333
49.0236 31.1682 28.1333
48.0611 34.1305 28.1333
46.7349 36.9489 28.1333
45.0659 39.5788 28.1333
43.0805 41.9787 28.1333
40.8099 44.1109 28.1333
38.29 45.9418 28.1333
35.5605 47.4423 28.1333
32.6645 48.5889 28.1333
29.6476 49.3635 28.1333
26.5574 49.7539 28.1333
23.4426 49.7539 28.1333
20.3524 49.3635 28.1333
17.3355 48.5889 28.1333
14.4395 47.4423 28.1333
11.71 45.9418 28.1333
9.19006 44.1109 28.1333
6.91949 41.9787 28.1333
4.93406 39.5788 28.1333
3.26508 36.9489 28.1333
1.93888 34.1305 28.1333
0.97636 31.1682 28.1333
0.39271 28.1086 28.1333
0.197132 25 28.1333
0.39271 21.8914 28.1333
0.97636 18.8318 28.1333
1.93888 15.8695 28.1333
3.26508 13.0511 28.1333
4.93406 10.4212 28.1333
6.91949 8.02127 28.1333
9.19006 5.88906 28.1333
11.71 4.05825 28.1333
14.4395 2.55769 28.1333
17.3355 1.41107 28.1333
20.3524 0.636459 28.1333
23.4426 0.246075 28.1333
26.5574 0.246075 28.1333
29.6476 0.636459 28.1333
32.6645 1.41107 28.1333
35.5605 2.55769 28.1333
38.29 4.05825 28.1333
40.8099 5.88906 28.1333
43.0805 8.02127 28.1333
45.0659 10.4212 28.1333
46.7349 13.0511 28.1333
48.0611 15.8695 28.1333
49.0236 18.8318 28.1333
49.6073 21.8914 28.1333
49.8029 25 28.1333
49.9507 25 26.5698
49.7539 28.1271 26.5698
49.1668 31.205 26.5698
48.1985 34.185 26.5698
46.8644 37.0201 26.5698
45.1855 39.6656 26.5698
43.1883 42.0799 26.5698
40.9042 44.2248 26.5698
38.3692 46.0665 26.5698
35.6235 47.576 26.5698
32.7102 48.7295 26.5698
29.6753 49.5087 26.5698
26.5667 49.9014 26.5698
23.4333 49.9014 26.5698
20.3247 49.5087 26.5698
17.2898 48.7295 26.5698
14.3765 47.576 26.5698
11.6308 46.0665 26.5698
9.09585 44.2248 26.5698
6.81175 42.0799 26.5698
4.81449 39.6656 26.5698
3.13556 37.0201 26.5698
1.80146 34.185 26.5698
0.833203 31.205 26.5698
0.246075 28.1271 26.5698
0.0493318 25 26.5698
0.246075 21.8729 26.5698
0.833203 18.795 26.5698
1.80146 15.815 26.5698
3.13556 12.9799 26.5698
4.81449 10.3344 26.5698
6.81175 7.92009 26.5698
9.09585 5.77518 26.5698
11.6308 3.93345 26.5698
14.3765 2.42396 26.5698
17.2898 1.2705 26.5698
20.3247 0.491277 26.5698
23.4333 0.0985662 26.5698
26.5667 0.0985662 26.5698
29.6753 0.491277 26.5698
32.7102 1.2705 26.5698
35.6235 2.42396 26.5698
38.3692 3.93345 26.5698
40.9042 5.77518 26.5698
43.1883 7.92009 26.5698
45.1855 10.3344 26.5698
46.8644 12.9799 26.5698
48.1985 15.815 26.5698
49.1668 18.795 26.5698
49.7539 21.8729 26.5698
49.9507 25 26.5698
50 25 25
49.8029 28.1333 25
49.2146 31.2172 25
48.2444 34.2031 25
46.9077 37.0438 25
45.2254 39.6946 25
43.2242 42.1137 25
40.9356 44.2628 25
38.3957 46.1082 25
35.6445 47.6207 25
32.7254 48.7764 25
29.6845 49.5572 25
26.5698 49.9507 25
23.4302 49.9507 25
20.3155 49.5572 25
17.2746 48.7764 25
14.3555 47.6207 25
11.6043 46.1082 25
9.0644 44.2628 25
6.77578 42.1137 25
4.77458 39.6946 25
3.09233 37.0438 25
1.75559 34.2031 25
0.785421 31.2172 25
0.197132 28.1333 25
0 25 25
0.197132 21.8667 25
0.785421 18.7828 25
1.75559 15.7969 25
3.09233 12.9562 25
4.77458 10.3054 25
6.77578 7.88632 25
9.0644 5.73717 25
11.6043 3.8918 25
14.3555 2.37932 25
17.2746 1.22359 25
20.3155 0.442819 25
23.4302 0.0493318 25
26.5698 0.0493318 25
29.6845 0.442819 25
32.7254 1.22359 25
35.6445 2.37932 25
38.3957 3.8918 25
40.9356 5.73717 25
43.2242 7.88632 25
45.2254 10.3054 25
46.9077 12.9562 25
48.2444 15.7969 25
49.2146 18.7828 25
49.8029 21.8667 25
50 25 25
49.9507 25 23.4302
49.7539 28.1271 23.4302
49.1668 31.205 23.4302
48.1985 34.185 23.4302
46.8644 37.0201 23.4302
45.1855 39.6656 23.4302
43.1883 42.0799 23.4302
40.9042 44.2248 23.4302
38.3692 46.0665 23.4302
35.6235 47.576 23.4302
32.7102 48.7295 23.4302
29.6753 49.5087 23.4302
26.5667 49.9014 23.4302
23.4333 49.9014 23.4302
20.3247 49.5087 23.4302
17.2898 48.7295 23.4302
14.3765 47.576 23.4302
11.6308 46.0665 23.4302
9.09585 44.2248 23.4302
6.81175 42.0799 23.4302
4.81449 39.6656 23.4302
3.13556 37.0201 23.4302
1.80146 34.185 23.4302
0.833203 31.205 23.4302
0.246075 28.1271 23.4302
0.0493318 25 23.4302
0.246075 21.8729 23.4302
0.833203 18.795 23.4302
1.80146 15.815 23.4302
3.13556 12.9799 23.4302
4.81449 10.3344 23.4302
6.81175 7.92009 23.4302
9.09585 5.77518 23.4302
11.6308 3.93345 23.4302
14.3765 2.42396 23.4302
17.2898 1.2705 23.4302
20.3247 0.491277 23.4302
23.4333 0.0985662 23.4302
26.5667 0.0985662 23.4302
29.6753 0.491277 23.4302
32.7102 1.2705 23.4302
35.6235 2.42396 23.4302
38.3692 3.93345 23.4302
40.9042 5.77518 23.4302
43.1883 7.92009 23.4302
45.1855 10.3344 23.4302
46.8644 12.9799 23.4302
48.1985 15.815 23.4302
49.1668 18.795 23.4302
49.7539 21.8729 23.4302
49.9507 25 23.4302
49.8029 25 21.8667
49.6073 28.1086 21.8667
49.0236 31.1682 21.8667
48.0611 34.1305 21.8667
46.7349 36.9489 21.8667
45.0659 39.5788 21.8667
43.0805 41.9787 21.8667
40.8099 44.1109 21.8667
38.29 45.9418 21.8667
35.5605 47.4423 21.8667
32.6645 48.5889 21.8667
29.6476 49.3635 21.8667
26.5574 49.7539 21.8667
23.4426 49.7539 21.8667
20.3524 49.3635 21.8667
17.3355 48.5889 21.8667
14.4395 47.4423 21.8667
11.71 45.9418 21.8667
9.19006 44.1109 21.8667
6.91949 41.9787 21.8667
4.93406 39.5788 21.8667
3.26508 36.9489 21.8667
1.93888 34.1305 21.8667
0.97636 31.1682 21.8667
0.39271 28.1086 21.8667
0.197132 25 21.8667
0.39271 21.8914 21.8667
0.97636 18.8318 21.8667
1.93888 15.8695 21.8667
3.26508 13.0511 21.8667
4.93406 10.4212 21.8667
6.91949 8.02127 21.8667
9.19006 5.88906 21.8667
11.71 4.05825 21.8667
14.4395 2.55769 21.8667
17.3355 1.41107 21.8667
20.3524 0.636459 21.8667
23.4426 0.246075 21.8667
26.5574 0.246075 21.8667
29.6476 0.636459 21.8667
32.6645 1.41107 21.8667
35.5605 2.55769 21.8667
38.29 4.05825 21.8667
40.8099 5.88906 21.8667
43.0805 8.02127 21.8667
45.0659 10.4212 21.8667
46.7349 13.0511 21.8667
48.0611 15.8695 21.8667
49.0236 18.8318 21.8667
49.6073 21.8914 21.8667
49.8029 25 21.8667
49.5572 25 20.3155
49.3635 28.0778 20.3155
48.7857 31.1071 20.3155
47.8327 34.0401 20.3155
46.5196 36.8305 20.3155
44.8672 39.4343 20.3155
42.9014 41.8105 20.3155
40.6533 43.9216 20.3155
38.1584 45.7343 20.3155
35.4559 47.22 20.3155
32.5886 48.3553 20.3155
29.6016 49.1222 20.3155
26.542 49.5087 20.3155
23.458 49.5087 20.3155
20.3984 49.1222 20.3155
17.4114 48.3553 20.3155
14.5441 47.22 20.3155
11.8416 45.7343 20.3155
9.34666 43.9216 20.3155
7.09859 41.8105 20.3155
5.13282 39.4343 20.3155
3.48038 36.8305 20.3155
2.16731 34.0401 20.3155
1.21433 31.1071 20.3155
0.636459 28.0778 20.3155
0.442819 25 20.3155
0.636459 21.9222 20.3155
1.21433 18.8929 20.3155
2.16731 15.9599 20.3155
3.48038 13.1695 20.3155
5.13282 10.5657 20.3155
7.09859 8.18945 20.3155
9.34666 6.07837 20.3155
11.8416 4.26569 20.3155
14.5441 2.78 20.3155
17.4114 1.64473 20.3155
20.3984 0.877794 20.3155
23.458 0.491277 20.3155
26.542 0.491277 20.3155
29.6016 0.877794 20.3155
32.5886 1.64473 20.3155
35.4559 2.78 20.3155
38.1584 4.26569 20.3155
40.6533 6.07837 20.3155
42.9014 8.18945 20.3155
44.8672 10.5657 20.3155
46.5196 13.1695 20.3155
47.8327 15.9599 20.3155
48.7857 18.8929 20.3155
49.3635 21.9222 20.3155
49.5572 25 20.3155
49.2146 25 18.7828
49.0236 28.0349 18.7828
48.4538 31.0219 18.7828
47.5141 33.914 18.7828
46.2194 36.6655 18.7828
44.59 39.233 18.7828
42.6517 41.576 18.7828
40.435 43.6577 18.7828
37.9748 45.445 18.7828
35.3101 46.91 18.7828
32.4827 48.0294 18.7828
29.5374 48.7857 18.7828
26.5204 49.1668 18.7828
23.4796 49.1668 18.7828
20.4626 48.7857 18.7828
17.5173 48.0294 18.7828
14.6899 46.91 18.7828
12.0252 45.445 18.7828
9.56505 43.6577 18.7828
7.34833 41.576 18.7828
5.40999 39.233 18.7828
3.7806 36.6655 18.7828
2.48585 33.914 18.7828
1.54617 31.0219 18.7828
0.97636 28.0349 18.7828
0.785421 25 18.7828
0.97636 21.9651 18.7828
1.54617 18.9781 18.7828
2.48585 16.086 18.7828
3.7806 13.3345 18.7828
5.40999 10.767 18.7828
7.34833 8.42398 18.7828
9.56505 6.34235 18.7828
12.0252 4.55495 18.7828
14.6899 3.08999 18.7828
17.5173 1.97057 18.7828
20.4626 1.21433 18.7828
23.4796 0.833203 18.7828
26.5204 0.833203 18.7828
29.5374 1.21433 18.7828
32.4827 1.97057 18.7828
35.3101 3.08999 18.7828
37.9748 4.55495 18.7828
40.435 6.34235 18.7828
42.6517 8.42398 18.7828
44.59 10.767 18.7828
46.2194 13.3345 18.7828
47.5141 16.086 18.7828
48.4538 18.9781 18.7828
49.0236 21.9651 18.7828
49.2146 25 18.7828
48.7764 25 17.2746
48.5889 27.98 17.2746
48.0294 30.913 17.2746
47.1067 33.7527 17.2746
45.8354 36.4544 17.2746
44.2355 38.9754 17.2746
42.3323 41.2761 17.2746
40.1557 43.32 17.2746
37.74 45.0751 17.2746
35.1235 46.5135 17.2746
32.3473 47.6127 17.2746
29.4553 48.3553 17.2746
26.4929 48.7295 17.2746
23.5071 48.7295 17.2746
20.5447 48.3553 17.2746
17.6527 47.6127 17.2746
14.8765 46.5135 17.2746
12.26 45.0751 17.2746
9.84434 43.32 17.2746
7.66774 41.2761 17.2746
5.76448 38.9754 17.2746
4.16457 36.4544 17.2746
2.89325 33.7527 17.2746
1.97057 30.913 17.2746
1.41107 27.98 17.2746
1.22359 25 17.2746
1.41107 22.02 17.2746
1.97057 19.087 17.2746
2.89325 16.2473 17.2746
4.16457 13.5456 17.2746
5.76448 11.0246 17.2746
7.66774 8.72393 17.2746
9.84434 6.67996 17.2746
12.26 4.92491 17.2746
14.8765 3.48646 17.2746
17.6527 2.38729 17.2746
20.5447 1.64473 17.2746
23.5071 1.2705 17.2746
26.4929 1.2705 17.2746
29.4553 1.64473 17.2746
32.3473 2.38729 17.2746
35.1235 3.48646 17.2746
37.74 4.92491 17.2746
40.1557 6.67996 17.2746
42.3323 8.72393 17.2746
44.2355 11.0246 17.2746
45.8354 13.5456 17.2746
47.1067 16.2473 17.2746
48.0294 19.087 17.2746
48.5889 22.02 17.2746
48.7764 25 17.2746
48.2444 25 15.7969
48.0611 27.9133 15.7969
47.5141 30.7807 15.7969
46.6121 33.5568 15.7969
45.3692 36.1981 15.7969
43.8051 38.6627 15.7969
41.9444 40.9119 15.7969
39.8165 42.9101 15.7969
37.455 44.6259 15.7969
34.897 46.0322 15.7969
32.1829 47.1067 15.7969
29.3556 47.8327 15.7969
26.4595 48.1985 15.7969
23.5405 48.1985 15.7969
20.6444 47.8327 15.7969
17.8171 47.1067 15.7969
15.103 46.0322 15.7969
12.545 44.6259 15.7969
10.1835 42.9101 15.7969
8.05555 40.9119 15.7969
6.19488 38.6627 15.7969
4.63077 36.1981 15.7969
3.38789 33.5568 15.7969
2.48585 30.7807 15.7969
1.93888 27.9133 15.7969
1.75559 25 15.7969
1.93888 22.0867 15.7969
2.48585 19.2193 15.7969
3.38789 16.4432 15.7969
4.63077 13.8019 15.7969
6.19488 11.3373 15.7969
8.05555 9.0881 15.7969
10.1835 7.08987 15.7969
12.545 5.37409 15.7969
15.103 3.96783 15.7969
17.8171 2.89325 15.7969
20.6444 2.16731 15.7969
23.5405 1.80146 15.7969
26.4595 1.80146 15.7969
29.3556 2.16731 15.7969
32.1829 2.89325 15.7969
34.897 3.96783 15.7969
37.455 5.37409 15.7969
39.8165 7.08987 15.7969
41.9444 9.0881 15.7969
43.8051 11.3373 15.7969
45.3692 13.8019 15.7969
46.6121 16.4432 15.7969
47.5141 19.2193 15.7969
48.0611 22.0867 15.7969
48.2444 25 15.7969
47.6207 25 14.3555
47.4423 27.8351 14.3555
46.91 30.6255 14.3555
46.0322 33.3272 14.3555
44.8226 35.8976 14.3555
43.3005 38.2961 14.3555
41.4898 40.4849 14.3555
39.419 42.4295 14.3555
37.1208 44.0993 14.3555
34.6314 45.4678 14.3555
31.9902 46.5135 14.3555
29.2387 47.22 14.3555
26.4204 47.576 14.3555
23.5796 47.576 14.3555
20.7613 47.22 14.3555
18.0098 46.5135 14.3555
15.3686 45.4678 14.3555
12.8792 44.0993 14.3555
10.581 42.4295 14.3555
8.51024 40.4849 14.3555
6.69949 38.2961 14.3555
5.17735 35.8976 14.3555
3.96783 33.3272 14.3555
3.08999 30.6255 14.3555
2.55769 27.8351 14.3555
2.37932 25 14.3555
2.55769 22.1649 14.3555
3.08999 19.3745 14.3555
3.96783 16.6728 14.3555
5.17735 14.1024 14.3555
6.69949 11.7039 14.3555
8.51024 9.51508 14.3555
10.581 7.57047 14.3555
12.8792 5.90073 14.3555
15.3686 4.5322 14.3555
18.0098 3.48646 14.3555
20.7613 2.78 14.3555
23.5796 2.42396 14.3555
26.4204 2.42396 14.3555
29.2387 2.78 14.3555
31.9902 3.48646 14.3555
34.6314 4.5322 14.3555
37.1208 5.90073 14.3555
39.419 7.57047 14.3555
41.4898 9.51508 14.3555
43.3005 11.7039 14.3555
44.8226 14.1024 14.3555
46.0322 16.6728 14.3555
46.91 19.3745 14.3555
47.4423 22.1649 14.3555
47.6207 25 14.3555
46.9077 25 12.9562
46.7349 27.7458 12.9562
46.2194 30.4482 12.9562
45.3692 33.0648 12.9562
44.1978 35.5541 12.9562
42.7237 37.877 12.9562
40.97 39.9968 12.9562
38.9645 41.8801 12.9562
36.7387 43.4973 12.9562
34.3278 44.8226 12.9562
31.7698 45.8354 12.9562
29.1051 46.5196 12.9562
26.3756 46.8644 12.9562
23.6244 46.8644 12.9562
20.8949 46.5196 12.9562
18.2302 45.8354 12.9562
15.6722 44.8226 12.9562
13.2613 43.4973 12.9562
11.0355 41.8801 12.9562
9.03 39.9968 12.9562
7.27633 37.877 12.9562
5.80217 35.5541 12.9562
4.63077 33.0648 12.9562
3.7806 30.4482 12.9562
3.26508 27.7458 12.9562
3.09233 25 12.9562
3.26508 22.2542 12.9562
3.7806 19.5518 12.9562
4.63077 16.9352 12.9562
5.80217 14.4459 12.9562
7.27633 12.123 12.9562
9.03 10.0032 12.9562
11.0355 8.11985 12.9562
13.2613 6.50274 12.9562
15.6722 5.17735 12.9562
18.2302 4.16457 12.9562
20.8949 3.48038 12.9562
23.6244 3.13556 12.9562
26.3756 3.13556 12.9562
29.1051 3.48038 12.9562
31.7698 4.16457 12.9562
34.3278 5.17735 12.9562
36.7387 6.50274 12.9562
38.9645 8.11985 12.9562
40.97 10.0032 12.9562
42.7237 12.123 12.9562
44.1978 14.4459 12.9562
45.3692 16.9352 12.9562
46.2194 19.5518 12.9562
46.7349 22.2542 12.9562
46.9077 25 12.9562
46.1082 25 11.6043
45.9418 27.6456 11.6043
45.445 30.2494 11.6043
44.6259 32.7704 11.6043
43.4973 35.169 11.6043
42.0769 37.4071 11.6043
40.3872 39.4496 11.6043
38.4549 41.2641 11.6043
36.3103 42.8222 11.6043
33.9874 44.0993 11.6043
31.5228 45.0751 11.6043
28.9553 45.7343 11.6043
26.3254 46.0665 11.6043
23.6746 46.0665 11.6043
21.0447 45.7343 11.6043
18.4772 45.0751 11.6043
16.0126 44.0993 11.6043
13.6897 42.8222 11.6043
11.5451 41.2641 11.6043
9.61279 39.4496 11.6043
7.92311 37.4071 11.6043
6.50274 35.169 11.6043
5.37409 32.7704 11.6043
4.55495 30.2494 11.6043
4.05825 27.6456 11.6043
3.8918 25 11.6043
4.05825 22.3544 11.6043
4.55495 19.7506 11.6043
5.37409 17.2296 11.6043
6.50274 14.831 11.6043
7.92311 12.5929 11.6043
9.61279 10.5504 11.6043
11.5451 8.73585 11.6043
13.6897 7.17776 11.6043
16.0126 5.90073 11.6043
18.4772 4.92491 11.6043
21.0447 4.26569 11.6043
23.6746 3.93345 11.6043
26.3254 3.93345 11.6043
28.9553 4.26569 11.6043
31.5228 4.92491 11.6043
33.9874 5.90073 11.6043
36.3103 7.17776 11.6043
38.4549 8.73585 11.6043
40.3872 10.5504 11.6043
42.0769 12.5929 11.6043
43.4973 14.831 11.6043
44.6259 17.2296 11.6043
45.445 19.7506 11.6043
45.9418 22.3544 11.6043
46.1082 25 11.6043
45.2254 25 10.3054
45.0659 27.5349 10.3054
44.59 30.0299 10.3054
43.8051 32.4455 10.3054
42.7237 34.7437 10.3054
41.3627 36.8882 10.3054
39.7437 38.8453 10.3054
37.8922 40.584 10.3054
35.8373 42.0769 10.3054
33.6116 43.3005 10.3054
31.25 44.2355 10.3054
28.7899 44.8672 10.3054
26.27 45.1855 10.3054
23.73 45.1855 10.3054
21.2101 44.8672 10.3054
18.75 44.2355 10.3054
16.3884 43.3005 10.3054
14.1627 42.0769 10.3054
12.1078 40.584 10.3054
10.2563 38.8453 10.3054
8.63729 36.8882 10.3054
7.27633 34.7437 10.3054
6.19488 32.4455 10.3054
5.40999 30.0299 10.3054
4.93406 27.5349 10.3054
4.77458 25 10.3054
4.93406 22.4651 10.3054
5.40999 19.9701 10.3054
6.19488 17.5545 10.3054
7.27633 15.2563 10.3054
8.63729 13.1118 10.3054
10.2563 11.1547 10.3054
12.1078 9.41604 10.3054
14.1627 7.92311 10.3054
16.3884 6.69949 10.3054
18.75 5.76448 10.3054
21.2101 5.13282 10.3054
23.73 4.81449 10.3054
26.27 4.81449 10.3054
28.7899 5.13282 10.3054
31.25 5.76448 10.3054
33.6116 6.69949 10.3054
35.8373 7.92311 10.3054
37.8922 9.41604 10.3054
39.7437 11.1547 10.3054
41.3627 13.1118 10.3054
42.7237 15.2563 10.3054
43.8051 17.5545 10.3054
44.59 19.9701 10.3054
45.0659 22.4651 10.3054
45.2254 25 10.3054
44.2628 25 9.0644
44.1109 27.4143 9.0644
43.6577 29.7905 9.0644
42.9101 32.0911 9.0644
41.8801 34.2799 9.0644
40.584 36.3224 9.0644
39.042 38.1863 9.0644
37.2786 39.8423 9.0644
35.3215 41.2641 9.0644
33.2017 42.4295 9.0644
30.9525 43.32 9.0644
28.6095 43.9216 9.0644
26.2095 44.2248 9.0644
23.7905 44.2248 9.0644
21.3905 43.9216 9.0644
19.0475 43.32 9.0644
16.7983 42.4295 9.0644
14.6785 41.2641 9.0644
12.7214 39.8423 9.0644
10.958 38.1863 9.0644
9.41604 36.3224 9.0644
8.11985 34.2799 9.0644
7.08987 32.0911 9.0644
6.34235 29.7905 9.0644
5.88906 27.4143 9.0644
5.73717 25 9.0644
5.88906 22.5857 9.0644
6.34235 20.2095 9.0644
7.08987 17.9089 9.0644
8.11985 15.7201 9.0644
9.41604 13.6776 9.0644
10.958 11.8137 9.0644
12.7214 10.1577 9.0644
14.6785 8.73585 9.0644
16.7983 7.57047 9.0644
19.0475 6.67996 9.0644
21.3905 6.07837 9.0644
23.7905 5.77518 9.0644
26.2095 5.77518 9.0644
28.6095 6.07837 9.0644
30.9525 6.67996 9.0644
33.2017 7.57047 9.0644
35.3215 8.73585 9.0644
37.2786 10.1577 9.0644
39.042 11.8137 9.0644
40.584 13.6776 9.0644
41.8801 15.7201 9.0644
42.9101 17.9089 9.0644
43.6577 20.2095 9.0644
44.1109 22.5857 9.0644
44.2628 25 9.0644
43.2242 25 7.88632
43.0805 27.2841 7.88632
42.6517 29.5322 7.88632
41.9444 31.7088 7.88632
40.97 33.7796 7.88632
39.7437 35.7119 7.88632
38.2849 37.4753 7.88632
36.6166 39.042 7.88632
34.765 40.3872 7.88632
32.7595 41.4898 7.88632
30.6316 42.3323 7.88632
28.4149 42.9014 7.88632
26.1443 43.1883 7.88632
23.8557 43.1883 7.88632
21.5851 42.9014 7.88632
19.3684 42.3323 7.88632
17.2405 41.4898 7.88632
15.235 40.3872 7.88632
13.3834 39.042 7.88632
11.7151 37.4753 7.88632
10.2563 35.7119 7.88632
9.03 33.7796 7.88632
8.05555 31.7088 7.88632
7.34833 29.5322 7.88632
6.91949 27.2841 7.88632
6.77578 25 7.88632
6.91949 22.7159 7.88632
7.34833 20.4678 7.88632
8.05555 18.2912 7.88632
9.03 16.2204 7.88632
10.2563 14.2881 7.88632
11.7151 12.5247 7.88632
13.3834 10.958 7.88632
15.235 9.61279 7.88632
17.2405 8.51024 7.88632
19.3684 7.66774 7.88632
21.5851 7.09859 7.88632
23.8557 6.81175 7.88632
26.1443 6.81175 7.88632
28.4149 7.09859 7.88632
30.6316 7.66774 7.88632
32.7595 8.51024 7.88632
34.765 9.61279 7.88632
36.6166 10.958 7.88632
38.2849 12.5247 7.88632
39.7437 14.2881 7.88632
40.97 16.2204 7.88632
41.9444 18.2912 7.88632
42.6517 20.4678 7.88632
43.0805 22.7159 7.88632
43.2242 25 7.88632
42.1137 25 6.77578
41.9787 27.1449 6.77578
41.576 29.256 6.77578
40.9119 31.3 6.77578
39.9968 33.2446 6.77578
38.8453 35.0592 6.77578
37.4753 36.7151 6.77578
35.9087 38.1863 6.77578
34.17 39.4496 6.77578
32.2866 40.4849 6.77578
30.2884 41.2761 6.77578
28.2068 41.8105 6.77578
26.0746 42.0799 6.77578
23.9254 42.0799 6.77578
21.7932 41.8105 6.77578
19.7116 41.2761 6.77578
17.7134 40.4849 6.77578
15.83 39.4496 6.77578
14.0913 38.1863 6.77578
12.5247 36.7151 6.77578
11.1547 35.0592 6.77578
10.0032 33.2446 6.77578
9.0881 31.3 6.77578
8.42398 29.256 6.77578
8.02127 27.1449 6.77578
7.88632 25 6.77578
8.02127 22.8551 6.77578
8.42398 20.744 6.77578
9.0881 18.7 6.77578
10.0032 16.7554 6.77578
11.1547 14.9408 6.77578
12.5247 13.2849 6.77578
14.0913 11.8137 6.77578
15.83 10.5504 6.77578
17.7134 9.51508 6.77578
19.7116 8.72393 6.77578
21.7932 8.18945 6.77578
23.9254 7.92009 6.77578
26.0746 7.92009 6.77578
28.2068 8.18945 6.77578
30.2884 8.72393 6.77578
32.2866 9.51508 6.77578
34.17 10.5504 6.77578
35.9087 11.8137 6.77578
37.4753 13.2849 6.77578
38.8453 14.9408 6.77578
39.9968 16.7554 6.77578
40.9119 18.7 6.77578
41.576 20.744 6.77578
41.9787 22.8551 6.77578
42.1137 25 6.77578
40.9356 25 5.73717
40.8099 26.9973 5.73717
40.435 28.963 5.73717
39.8165 30.8663 5.73717
38.9645 32.677 5.73717
37.8922 34.3667 5.73717
36.6166 35.9087 5.73717
35.1577 37.2786 5.73717
33.5387 38.4549 5.73717
31.785 39.419 5.73717
29.9244 40.1557 5.73717
27.986 40.6533 5.73717
26.0006 40.9042 5.73717
23.9994 40.9042 5.73717
22.014 40.6533 5.73717
20.0756 40.1557 5.73717
18.215 39.419 5.73717
16.4613 38.4549 5.73717
14.8423 37.2786 5.73717
13.3834 35.9087 5.73717
12.1078 34.3667 5.73717
11.0355 32.677 5.73717
10.1835 30.8663 5.73717
9.56505 28.963 5.73717
9.19006 26.9973 5.73717
9.0644 25 5.73717
9.19006 23.0027 5.73717
9.56505 21.037 5.73717
10.1835 19.1337 5.73717
11.0355 17.323 5.73717
12.1078 15.6333 5.73717
13.3834 14.0913 5.73717
14.8423 12.7214 5.73717
16.4613 11.5451 5.73717
18.215 10.581 5.73717
20.0756 9.84434 5.73717
22.014 9.34666 5.73717
23.9994 9.09585 5.73717
26.0006 9.09585 5.73717
27.986 9.34666 5.73717
29.9244 9.84434 5.73717
31.785 10.581 5.73717
33.5387 11.5451 5.73717
35.1577 12.7214 5.73717
36.6166 14.0913 5.73717
37.8922 15.6333 5.73717
38.9645 17.323 5.73717
39.8165 19.1337 5.73717
40.435 21.037 5.73717
40.8099 23.0027 5.73717
40.9356 25 5.73717
39.6946 25 4.77458
39.5788 26.8417 4.77458
39.233 28.6544 4.77458
38.6627 30.4095 4.77458
37.877 32.0792 4.77458
36.8882 33.6373 4.77458
35.7119 35.0592 4.77458
34.3667 36.3224 4.77458
32.8738 37.4071 4.77458
31.2567 38.2961 4.77458
29.5409 38.9754 4.77458
27.7535 39.4343 4.77458
25.9227 39.6656 4.77458
24.0773 39.6656 4.77458
22.2465 39.4343 4.77458
20.4591 38.9754 4.77458
18.7433 38.2961 4.77458
17.1262 37.4071 4.77458
15.6333 36.3224 4.77458
14.2881 35.0592 4.77458
13.1118 33.6373 4.77458
12.123 32.0792 4.77458
11.3373 30.4095 4.77458
10.767 28.6544 4.77458
10.4212 26.8417 4.77458
10.3054 25 4.77458
10.4212 23.1583 4.77458
10.767 21.3456 4.77458
11.3373 19.5905 4.77458
12.123 17.9208 4.77458
13.1118 16.3627 4.77458
14.2881 14.9408 4.77458
15.6333 13.6776 4.77458
17.1262 12.5929 4.77458
18.7433 11.7039 4.77458
20.4591 11.0246 4.77458
22.2465 10.5657 4.77458
24.0773 10.3344 4.77458
25.9227 10.3344 4.77458
27.7535 10.5657 4.77458
29.5409 11.0246 4.77458
31.2567 11.7039 4.77458
32.8738 12.5929 4.77458
34.3667 13.6776 4.77458
35.7119 14.9408 4.77458
36.8882 16.3627 4.77458
37.877 17.9208 4.77458
38.6627 19.5905 4.77458
39.233 21.3456 4.77458
39.5788 23.1583 4.77458
39.6946 25 4.77458
38.3957 25 3.8918
38.29 26.6789 3.8918
37.9748 28.3314 3.8918
37.455 29.9313 3.8918
36.7387 31.4534 3.8918
35.8373 32.8738 3.8918
34.765 34.17 3.8918
33.5387 35.3215 3.8918
32.1778 36.3103 3.8918
30.7036 37.1208 3.8918
29.1395 37.74 3.8918
27.5101 38.1584 3.8918
25.8411 38.3692 3.8918
24.1589 38.3692 3.8918
22.4899 38.1584 3.8918
20.8605 37.74 3.8918
19.2964 37.1208 3.8918
17.8222 36.3103 3.8918
16.4613 35.3215 3.8918
15.235 34.17 3.8918
14.1627 32.8738 3.8918
13.2613 31.4534 3.8918
12.545 29.9313 3.8918
12.0252 28.3314 3.8918
11.71 26.6789 3.8918
11.6043 25 3.8918
11.71 23.3211 3.8918
12.0252 21.6686 3.8918
12.545 20.0687 3.8918
13.2613 18.5466 3.8918
14.1627 17.1262 3.8918
15.235 15.83 3.8918
16.4613 14.6785 3.8918
17.8222 13.6897 3.8918
19.2964 12.8792 3.8918
20.8605 12.26 3.8918
22.4899 11.8416 3.8918
24.1589 11.6308 3.8918
25.8411 11.6308 3.8918
27.5101 11.8416 3.8918
29.1395 12.26 3.8918
30.7036 12.8792 3.8918
32.1778 13.6897 3.8918
33.5387 14.6785 3.8918
34.765 15.83 3.8918
35.8373 17.1262 3.8918
36.7387 18.5466 3.8918
37.455 20.0687 3.8918
37.9748 21.6686 3.8918
38.29 23.3211 3.8918
38.3957 25 3.8918
37.0438 25 3.09233
36.9489 26.5095 3.09233
36.6655 27.9952 3.09233
36.1981 29.4336 3.09233
35.5541 30.8022 3.09233
34.7437 32.0792 3.09233
33.7796 33.2446 3.09233
32.677 34.2799 3.09233
31.4534 35.169 3.09233
30.128 35.8976 3.09233
28.7218 36.4544 3.09233
27.2568 36.8305 3.09233
25.7562 37.0201 3.09233
24.2438 37.0201 3.09233
22.7432 36.8305 3.09233
21.2782 36.4544 3.09233
19.872 35.8976 3.09233
18.5466 35.169 3.09233
17.323 34.2799 3.09233
16.2204 33.2446 3.09233
15.2563 32.0792 3.09233
14.4459 30.8022 3.09233
13.8019 29.4336 3.09233
13.3345 27.9952 3.09233
13.0511 26.5095 3.09233
12.9562 25 3.09233
13.0511 23.4905 3.09233
13.3345 22.0048 3.09233
13.8019 20.5664 3.09233
14.4459 19.1978 3.09233
15.2563 17.9208 3.09233
16.2204 16.7554 3.09233
17.323 15.7201 3.09233
18.5466 14.831 3.09233
19.872 14.1024 3.09233
21.2782 13.5456 3.09233
22.7432 13.1695 3.09233
24.2438 12.9799 3.09233
25.7562 12.9799 3.09233
27.2568 13.1695 3.09233
28.7218 13.5456 3.09233
30.128 14.1024 3.09233
31.4534 14.831 3.09233
32.677 15.7201 3.09233
33.7796 16.7554 3.09233
34.7437 17.9208 3.09233
35.5541 19.1978 3.09233
36.1981 20.5664 3.09233
36.6655 22.0048 3.09233
36.9489 23.4905 3.09233
37.0438 25 3.09233
35.6445 25 2.37932
35.5605 26.3341 2.37932
35.3101 27.6472 2.37932
34.897 28.9185 2.37932
34.3278 30.128 2.37932
33.6116 31.2567 2.37932
32.7595 32.2866 2.37932
31.785 33.2017 2.37932
30.7036 33.9874 2.37932
29.5322 34.6314 2.37932
28.2893 35.1235 2.37932
26.9946 35.4559 2.37932
25.6684 35.6235 2.37932
24.3316 35.6235 2.37932
23.0054 35.4559 2.37932
21.7107 35.1235 2.37932
20.4678 34.6314 2.37932
19.2964 33.9874 2.37932
18.215 33.2017 2.37932
17.2405 32.2866 2.37932
16.3884 31.2567 2.37932
15.6722 30.128 2.37932
15.103 28.9185 2.37932
14.6899 27.6472 2.37932
14.4395 26.3341 2.37932
14.3555 25 2.37932
14.4395 23.6659 2.37932
14.6899 22.3528 2.37932
15.103 21.0815 2.37932
15.6722 19.872 2.37932
16.3884 18.7433 2.37932
17.2405 17.7134 2.37932
18.215 16.7983 2.37932
19.2964 16.0126 2.37932
20.4678 15.3686 2.37932
21.7107 14.8765 2.37932
23.0054 14.5441 2.37932
24.3316 14.3765 2.37932
25.6684 14.3765 2.37932
26.9946 14.5441 2.37932
28.2893 14.8765 2.37932
29.5322 15.3686 2.37932
30.7036 16.0126 2.37932
31.785 16.7983 2.37932
32.7595 17.7134 2.37932
33.6116 18.7433 2.37932
34.3278 19.872 2.37932
34.897 21.0815 2.37932
35.3101 22.3528 2.37932
35.5605 23.6659 2.37932
35.6445 25 2.37932
34.2031 25 1.75559
34.1305 26.1535 1.75559
33.914 27.2887 1.75559
33.5568 28.3879 1.75559
33.0648 29.4336 1.75559
32.4455 30.4095 1.75559
31.7088 31.3 1.75559
30.8663 32.0911 1.75559
29.9313 32.7704 1.75559
28.9185 33.3272 1.75559
27.8439 33.7527 1.75559
26.7245 34.0401 1.75559
25.5779 34.185 1.75559
24.4221 34.185 1.75559
23.2755 34.0401 1.75559
22.1561 33.7527 1.75559
21.0815 33.3272 1.75559
20.0687 32.7704 1.75559
19.1337 32.0911 1.75559
18.2912 31.3 1.75559
17.5545 30.4095 1.75559
16.9352 29.4336 1.75559
16.4432 28.3879 1.75559
16.086 27.2887 1.75559
15.8695 26.1535 1.75559
15.7969 25 1.75559
15.8695 23.8465 1.75559
16.086 22.7113 1.75559
16.4432 21.6121 1.75559
16.9352 20.5664 1.75559
17.5545 19.5905 1.75559
18.2912 18.7 1.75559
19.1337 17.9089 1.75559
20.0687 17.2296 1.75559
21.0815 16.6728 1.75559
22.1561 16.2473 1.75559
23.2755 15.9599 1.75559
24.4221 15.815 1.75559
25.5779 15.815 1.75559
26.7245 15.9599 1.75559
27.8439 16.2473 1.75559
28.9185 16.6728 1.75559
29.9313 17.2296 1.75559
30.8663 17.9089 1.75559
31.7088 18.7 1.75559
32.4455 19.5905 1.75559
33.0648 20.5664 1.75559
33.5568 21.6121 1.75559
33.914 22.7113 1.75559
34.1305 23.8465 1.75559
34.2031 25 1.75559
32.7254 25 1.22359
32.6645 25.9683 1.22359
32.4827 26.9212 1.22359
32.1829 27.8439 1.22359
31.7698 28.7218 1.22359
31.25 29.5409 1.22359
30.6316 30.2884 1.22359
29.9244 30.9525 1.22359
29.1395 31.5228 1.22359
28.2893 31.9902 1.22359
27.3873 32.3473 1.22359
26.4476 32.5886 1.22359
25.4851 32.7102 1.22359
24.5149 32.7102 1.22359
23.5524 32.5886 1.22359
22.6127 32.3473 1.22359
21.7107 31.9902 1.22359
20.8605 31.5228 1.22359
20.0756 30.9525 1.22359
19.3684 30.2884 1.22359
18.75 29.5409 1.22359
18.2302 28.7218 1.22359
17.8171 27.8439 1.22359
17.5173 26.9212 1.22359
17.3355 25.9683 1.22359
17.2746 25 1.22359
17.3355 24.0317 1.22359
17.5173 23.0788 1.22359
17.8171 22.1561 1.22359
18.2302 21.2782 1.22359
18.75 20.4591 1.22359
19.3684 19.7116 1.22359
20.0756 19.0475 1.22359
20.8605 18.4772 1.22359
21.7107 18.0098 1.22359
22.6127 17.6527 1.22359
23.5524 17.4114 1.22359
24.5149 17.2898 1.22359
25.4851 17.2898 1.22359
26.4476 17.4114 1.22359
27.3873 17.6527 1.22359
28.2893 18.0098 1.22359
29.1395 18.4772 1.22359
29.9244 19.0475 1.22359
30.6316 19.7116 1.22359
31.25 20.4591 1.22359
31.7698 21.2782 1.22359
32.1829 22.1561 1.22359
32.4827 23.0788 1.22359
32.6645 24.0317 1.22359
32.7254 25 1.22359
31.2172 25 0.785421
31.1682 25.7792 0.785421
31.0219 26.5462 0.785421
30.7807 27.2887 0.785421
30.4482 27.9952 0.785421
30.0299 28.6544 0.785421
29.5322 29.256 0.785421
28.963 29.7905 0.785421
28.3314 30.2494 0.785421
27.6472 30.6255 0.785421
26.9212 30.913 0.785421
26.165 31.1071 0.785421
25.3904 31.205 0.785421
24.6096 31.205 0.785421
23.835 31.1071 0.785421
23.0788 30.913 0.785421
22.3528 30.6255 0.785421
21.6686 30.2494 0.785421
21.037 29.7905 0.785421
20.4678 29.256 0.785421
19.9701 28.6544 0.785421
19.5518 27.9952 0.785421
19.2193 27.2887 0.785421
18.9781 26.5462 0.785421
18.8318 25.7792 0.785421
18.7828 25 0.785421
18.8318 24.2208 0.785421
18.9781 23.4538 0.785421
19.2193 22.7113 0.785421
19.5518 22.0048 0.785421
19.9701 21.3456 0.785421
20.4678 20.744 0.785421
21.037 20.2095 0.785421
21.6686 19.7506 0.785421
22.3528 19.3745 0.785421
23.0788 19.087 0.785421
23.835 18.8929 0.785421
24.6096 18.795 0.785421
25.3904 18.795 0.785421
26.165 18.8929 0.785421
26.9212 19.087 0.785421
27.6472 19.3745 0.785421
28.3314 19.7506 0.785421
28.963 20.2095 0.785421
29.5322 20.744 0.785421
30.0299 21.3456 0.785421
30.4482 22.0048 0.785421
30.7807 22.7113 0.785421
31.0219 23.4538 0.785421
31.1682 24.2208 0.785421
31.2172 25 0.785421
29.6845 25 0.442819
29.6476 25.5871 0.442819
29.5374 26.165 0.442819
29.3556 26.7245 0.442819
29.1051 27.2568 0.442819
28.7899 27.7535 0.442819
28.4149 28.2068 0.442819
27.986 28.6095 0.442819
27.5101 28.9553 0.442819
26.9946 29.2387 0.442819
26.4476 29.4553 0.442819
25.8778 29.6016 0.442819
25.2941 29.6753 0.442819
24.7059 29.6753 0.442819
24.1222 29.6016 0.442819
23.5524 29.4553 0.442819
23.0054 29.2387 0.442819
22.4899 28.9553 0.442819
22.014 28.6095 0.442819
21.5851 28.2068 0.442819
21.2101 27.7535 0.442819
20.8949 27.2568 0.442819
20.6444 26.7245 0.442819
20.4626 26.165 0.442819
20.3524 25.5871 0.442819
20.3155 25 0.442819
20.3524 24.4129 0.442819
20.4626 23.835 0.442819
20.6444 23.2755 0.442819
20.8949 22.7432 0.442819
21.2101 22.2465 0.442819
21.5851 21.7932 0.442819
22.014 21.3905 0.442819
22.4899 21.0447 0.442819
23.0054 20.7613 0.442819
23.5524 20.5447 0.442819
24.1222 20.3984 0.442819
24.7059 20.3247 0.442819
25.2941 20.3247 0.442819
25.8778 20.3984 0.442819
26.4476 20.5447 0.442819
26.9946 20.7613 0.442819
27.5101 21.0447 0.442819
27.986 21.3905 0.442819
28.4149 21.7932 0.442819
28.7899 22.2465 0.442819
29.1051 22.7432 0.442819
29.3556 23.2755 0.442819
29.5374 23.835 0.442819
29.6476 24.4129 0.442819
29.6845 25 0.442819
28.1333 25 0.197132
28.1086 25.3927 0.197132
28.0349 25.7792 0.197132
27.9133 26.1535 0.197132
27.7458 26.5095 0.197132
27.5349 26.8417 0.197132
27.2841 27.1449 0.197132
26.9973 27.4143 0.197132
26.6789 27.6456 0.197132
26.3341 27.8351 0.197132
25.9683 27.98 0.197132
25.5871 28.0778 0.197132
25.1967 28.1271 0.197132
24.8033 28.1271 0.197132
24.4129 28.0778 0.197132
24.0317 27.98 0.197132
23.6659 27.8351 0.197132
23.3211 27.6456 0.197132
23.0027 27.4143 0.197132
22.7159 27.1449 0.197132
22.4651 26.8417 0.197132
22.2542 26.5095 0.197132
22.0867 26.1535 0.197132
21.9651 25.7792 0.197132
21.8914 25.3927 0.197132
21.8667 25 0.197132
21.8914 24.6073 0.197132
21.9651 24.2208 0.197132
22.0867 23.8465 0.197132
22.2542 23.4905 0.197132
22.4651 23.1583 0.197132
22.7159 22.8551 0.197132
23.0027 22.5857 0.197132
23.3211 22.3544 0.197132
23.6659 22.1649 0.197132
24.0317 22.02 0.197132
24.4129 21.9222 0.197132
24.8033 21.8729 0.197132
25.1967 21.8729 0.197132
25.5871 21.9222 0.197132
25.9683 22.02 0.197132
26.3341 22.1649 0.197132
26.6789 22.3544 0.197132
26.9973 22.5857 0.197132
27.2841 22.8551 0.197132
27.5349 23.1583 0.197132
27.7458 23.4905 0.197132
27.9133 23.8465 0.197132
28.0349 24.2208 0.197132
28.1086 24.6073 0.197132
28.1333 25 0.197132
26.5698 25 0.0493318
26.5574 25.1967 0.0493318
26.5204 25.3904 0.0493318
26.4595 25.5779 0.0493318
26.3756 25.7562 0.0493318
26.27 25.9227 0.0493318
26.1443 26.0746 0.0493318
26.0006 26.2095 0.0493318
25.8411 26.3254 0.0493318
25.6684 26.4204 0.0493318
25.4851 26.4929 0.0493318
25.2941 26.542 0.0493318
25.0986 26.5667 0.0493318
24.9014 26.5667 0.0493318
24.7059 26.542 0.0493318
24.5149 26.4929 0.0493318
24.3316 26.4204 0.0493318
24.1589 26.3254 0.0493318
23.9994 26.2095 0.0493318
23.8557 26.0746 0.0493318
23.73 25.9227 0.0493318
23.6244 25.7562 0.0493318
23.5405 25.5779 0.0493318
23.4796 25.3904 0.0493318
23.4426 25.1967 0.0493318
23.4302 25 0.0493318
23.4426 24.8033 0.0493318
23.4796 24.6096 0.0493318
23.5405 24.4221 0.0493318
23.6244 24.2438 0.0493318
23.73 24.0773 0.0493318
23.8557 23.9254 0.0493318
23.9994 23.7905 0.0493318
24.1589 23.6746 0.0493318
24.3316 23.5796 0.0493318
24.5149 23.5071 0.0493318
24.7059 23.458 0.0493318
24.9014 23.4333 0.0493318
25.0986 23.4333 0.0493318
25.2941 23.458 0.0493318
25.4851 23.5071 0.0493318
25.6684 23.5796 0.0493318
25.8411 23.6746 0.0493318
26.0006 23.7905 0.0493318
26.1443 23.9254 0.0493318
26.27 24.0773 0.0493318
26.3756 24.2438 0.0493318
26.4595 24.4221 0.0493318
26.5204 24.6096 0.0493318
26.5574 24.8033 0.0493318
26.5698 25 0.0493318
25 25 0
25 25 0
25 25 0
25 25 0
25 25 0
25 25 0
25 25 0
25 25 0
25 25 0
25 25 0
25 25 0
25 25 0
25 25 0
25 25 0
25 25 0
25 25 0
25 25 0
25 25 0
25 25 0
25 25 0
25 25 0
25 25 0
25 25 0
25 25 0
25 25 0
25 25 0
25 25 0
25 25 0
25 25 0
25 25 0
25 25 0
25 25 0
25 25 0
25 25 0
25 25 0
25 25 0
25 25 0
25 25 0
25 25 0
25 25 0
25 25 0
25 25 0
25 25 0
25 25 0
25 25 0
25 25 0
25 25 0
25 25 0
25 25 0
25 25 0
25 25 0
